"Aimard_BanditsArizona" "Aimard_TrappeursArkansas" "FevalPP_CavalierFortune" "FevalPP_JeanDiable" "Flaubert_Education" "Flaubert_Sallambo" "France_CrimeSylvestreBonnard" "France_Thais" "Gaboriau_CrimeOrcival" "Gaboriau_MonsieurLecoq" "Malot_Cara" "Malot_Ghislaine" "Maupassant_BelAmi" "Maupassant_UneVie" "Mirbeau_AbbeJules" "Mirbeau_SebastienRoch" "Ponson_Breda" "Ponson_RocambolePrison" "Stolz_DessusHaie" "Stolz_TresorNanette" "Verne_ArchipelFeu" "Verne_VingtMilleLieues" "Zola_Germinal" "Zola_Oeuvre"
"nom" 11.1396057060426 12.187980983001 11.8237168364933 12.4665759311694 13.3363731055456 12.9724472884633 11.4483209947237 12.4676833365603 11.1976888393243 12.7171551349524 9.41912364276211 9.75623896826726 11.6488823991913 12.9323657860215 12.0098821740783 11.4360473103776 12.0220799082393 10.5228888115712 10.941381564611 10.3817077704796 11.7593607711833 13.0753350972582 13.4141387764576 13.2253197591442
"ver" 11.5799596763989 11.3383726100489 11.1598833672085 10.5525966836322 10.604342969969 9.88801675720468 10.6568775819052 10.6089769142284 11.7028947191325 12.2113852542127 11.9951933393417 11.784145225917 11.6146242839492 11.6670264525664 10.139110604333 10.0934217592766 11.9420282928694 11.6486902927581 11.2333841795598 11.2355930102863 10.3232688375952 9.86330274848287 11.7059088073581 11.081359049988
"pro" 9.46761036265933 8.85726989773233 8.7627820616243 8.20054878929379 6.36218746470448 7.54477027897984 10.1384514704078 8.66371308497432 9.24271994000981 7.59548066244991 11.4480065233252 11.3151757991162 7.77209929237336 6.80908653127647 8.41809198023565 8.85258595925912 7.87014911106863 9.19777324916745 9.2710830246241 10.1908538852398 7.8876411152923 8.1324688163289 6.94063628846238 7.19667622659291
"det" 8.03097662412161 9.2109313541061 8.75962738797529 9.19003251598447 8.22579093339134 10.6959534112881 8.19358664976073 9.80262633395214 7.77517136621898 7.28888030515185 6.52386163683962 6.97592022366234 6.81455689093564 8.01132495308945 8.85822881033828 8.24684326876241 7.20464538329191 7.36517719568567 8.09871431684463 7.51394224811005 8.81112526790917 9.22239159961952 8.63327095211153 7.8749326047854
"prp" 7.79561501927603 8.75397612614153 8.19403946947403 8.40929878382341 8.30945438877571 10.530798269036 8.30708822446726 8.93591335148002 7.65788284607324 7.30698662546473 7.78882880563066 8.01499671463726 7.60137032460968 7.91086165955398 8.27137970353478 8.56844892402613 6.84978971515963 6.92628858293156 7.72281542819786 7.48667740736151 10.3499362944087 9.29715764420501 8.47405376390884 8.27862427677572
"pun" 7.69354063151146 6.69699353558847 6.50223305827584 6.82748147726726 9.72294846749466 7.81408249700764 5.907194568285 6.13988132523946 6.76091408135209 8.95731736758244 6.84788206514742 6.87285001996985 9.34011007525553 8.73366433636107 10.3458760927404 9.9173192451322 8.38271840948194 7.69223122421592 7.22706471998257 7.62176230016111 7.02736871215937 7.12686551665414 9.01082241661952 10.2359172318803
"per" 6.3918812900178 5.85764613332421 5.83794892132695 5.2697338765793 4.63872028378644 5.69181014639536 7.0841343204221 5.94968281266016 6.50374458021285 5.05842306020955 7.6788549847646 7.61688805287501 5.62394698416264 4.69935736703143 5.69973394146712 5.83885995478787 5.4506786465303 6.45111586062926 6.06014382218348 6.89056884372289 4.41000721009018 5.09032153552841 4.73263118190654 4.75187234100393
"art" 5.37535536227972 6.10869788281971 5.98486657983803 6.02377211677746 4.99512660372386 6.54290580977811 5.18119350484682 6.0248510870927 5.18761356316756 4.50388682342716 4.09209905154285 4.63300565597743 4.19353027069527 4.91938028262566 5.61383504370962 5.16629822523636 4.7218505065953 5.28654505691138 5.27892787099586 4.66972363365969 6.0604264817723 6.09509410137445 5.62772917845382 4.88371776922972
"adv" 4.70132696704094 4.2603550295858 4.30297485725102 3.92905125972088 3.77238520328128 3.28583924132216 4.26806822364923 3.40421170119472 5.00350904179125 4.38607503259138 5.67143041071199 5.46207660692889 4.22891160283051 4.39962803673137 4.28050171037628 4.45252101365107 3.68117950678647 4.55241314180625 5.26803225103508 5.42942124178956 4.77643782037986 4.16280721575404 4.09068488778634 4.1696683022749
"sent" 3.1643060207017 3.14943393645039 3.74279495071949 3.66997369837595 4.58475735506352 3.20757757112605 3.70362796024377 3.30170950878672 4.06664295259429 3.90806817633142 2.50257499678125 2.67660435213935 4.0289789958441 3.40910977898075 3.17825921702775 3.24977831066482 4.49842286369719 4.94905313385357 3.34713445195032 2.5058867269798 3.49047379181605 3.82262171289008 3.73017945481714 3.30927494076017
"adj" 3.33218042702525 3.38064780928276 3.15106830769785 3.5399972866877 3.78577135614278 2.85885277598748 3.60853204630046 3.45432388414974 3.80082101964102 3.86702718362223 2.46126775674864 2.42279397554659 4.0666067617657 4.47767390113084 3.92702394526796 4.5212134837074 3.60351749187536 2.53442019981112 3.55524079320113 3.70925765274507 2.90576510908965 3.55595615386852 3.82955419187303 4.4700584016347
"kon" 3.10609831197645 2.70068748503608 3.07220146647258 3.07282617733684 2.27606430373181 2.70060307522328 3.5819460918647 3.96341810644283 2.90481363623254 2.85717734537202 3.90487532723917 3.75304379195279 2.74626530383017 2.97819697447734 2.64842265298366 2.87821449536014 3.31557063658956 3.39877727521249 3.36674656787971 3.62250588672698 2.66378263059646 2.90216863065989 2.42307524916221 2.26538536470439
"impf" 1.79515948068601 1.94342784827445 2.05279121017788 2.06627484103053 3.21434995586753 3.81237915477396 1.51539940283856 2.25504823297609 2.25347779689858 2.74781517068225 2.33680957898803 2.81510493835113 2.36942603616758 2.99729330300061 2.53515773470163 2.35740067693307 1.81012234754349 1.91013469854367 2.98213118326433 2.1093072251828 2.48204885083015 2.10175658668084 3.87561474517996 3.29024570369666
"pres" 3.38954454576897 2.63022881964634 2.86579567629443 2.81943781919712 1.236545870581 0.731401344259276 3.64023068428157 2.93725726911381 3.07065191266812 2.12664767514847 2.77563194712673 2.27978406792326 1.99090194316523 1.25039438069776 2.18472063854048 2.40735883697403 3.38725865035366 3.47979521845022 2.46567879712356 3.58532655843351 1.28102561063538 2.0643735643881 1.18669394031713 1.43489509000376
"nam" 1.17259007432028 0.804460101925642 2.24026895846196 2.77567471761859 2.79686931349952 1.88978915385324 1.67798273958035 1.76417662266665 1.51417556745532 2.17034426150355 1.55036264538003 1.27678214824072 2.54464787150399 1.79422460603444 1.39338654503991 1.59428978230732 3.69910151022749 2.94696555494806 1.53519285247331 1.32358408724749 3.35713650774838 1.94017885699333 1.53124138631385 1.95819910925047
"pper" 2.1671826625387 2.05082600814037 1.66611835434196 1.75577563533083 1.48209811213413 1.58594972838597 1.71888420794307 1.85642859583386 2.20637011257775 2.39920815025832 2.09754946139651 1.99440844144968 1.91564641132203 2.11305026485777 1.7407829722539 2.0070690796458 1.91168036704263 1.81867886077837 1.83918064937895 1.65695873094559 2.00993609687201 1.82387612097146 2.05749227488358 2.12719685745742
"infi" 1.64584405395602 1.87433731230974 1.62691026756139 1.36125127460033 1.5293679644263 1.24067765399135 1.56448116487382 1.29608327733677 1.9352605824048 1.94630872483221 2.21986180850607 2.20119303760774 1.77187464899472 1.65888975606516 1.3173698213607 1.33762973509686 1.51261709042248 1.53735275113077 1.9971671388102 1.9432395588053 2.06327101049908 1.45212273261586 1.89501095298197 1.66052747232832
"simp" 1.27044651217722 1.62533775695181 1.94508163844736 1.58400546163508 1.98031398894806 1.62105238928275 1.24749478506278 1.17194173319818 1.07049809165809 1.66698855680556 1.06540491824385 0.926987644459332 2.14534426597776 2.28989887248634 1.31965032307108 1.05349269986386 2.05266679411202 1.76201600477161 0.828067117018958 0.873714214896518 1.42423973055992 1.50944336679806 1.51999825912869 1.41224123635672
"pos" 1.48977990737382 1.67595854567842 1.57823815983379 1.81004188128821 1.53606104085705 1.47661357149434 1.78841670415968 1.7413983576871 1.47379755232318 1.56824875669934 1.59542508905197 1.37212208665627 1.30236998764461 1.6505870045333 1.71569745343976 1.48687973821924 1.2354234372013 1.04528058054575 1.544998910438 1.79700086751766 1.15361442808182 1.24983904532068 1.16130623377 1.29398812031915
"dem" 1.35564910031128 1.0479871395834 1.17849594173768 1.17678980144681 0.644208606459655 0.495465426756284 1.26181029898973 1.00907713859435 1.14644721535903 1.06779006325141 1.77835715205356 1.70838862620302 0.858699314837695 0.777137543381877 1.03686811098442 1.22959521400827 0.838749761039954 1.17053531487648 1.43277402484201 1.50080555211303 1.59807204164074 1.40643237203584 0.939707823765795 1.0330157263052
"rel" 1.19114905391384 1.37975852515648 1.32496293258462 1.26212784952495 0.604886782429001 0.809087560998066 1.33134279520635 1.2687493593613 1.1584644817674 1.00043455168751 1.572893867216 1.56280196348738 0.81264742221723 0.758041214858604 1.21550741163056 1.29454082206152 1.19599502963105 1.25801481186938 1.25626498147745 1.27029371669352 1.34226199294794 1.12605970484027 0.854840347593971 0.981818017062883
"num" 0.487595009321669 0.449430516126826 0.526830499384839 0.622530119954661 0.586062504967518 0.475900009207255 0.451961225407992 0.252838741273077 0.468673389926647 0.487422142822655 0.522509763529462 0.433539044281536 0.602605863192182 0.549642151408977 0.273660205245154 0.231056490189466 0.769451347734659 0.618320990108852 0.376988450642842 0.514314041392986 0.75952867739291 1.00601866658913 0.632879256067662 0.514695554860837
"ppre" 0.436136020448621 0.571194034955707 0.359182128323111 0.3614832190387 0.619109569844344 0.590415247214805 0.332324430447053 0.50795530904411 0.44223540382822 0.377335715320361 0.415754688639973 0.43547161060077 0.612714815230821 0.729811859650288 0.461421512732801 0.394044987323117 0.287946855285796 0.256971022416621 0.446720418391806 0.358160862560416 0.302231177220066 0.345585272750684 0.50231390811101 0.550941720696108
"cit" 0.080141048244911 0.00752471183773985 0.188829751276516 0.0875262031570701 2.03804177316327 0.645658779117945 0.21473270890425 0.123002630889605 0.227366680446465 0.205687798754285 0.16254667181666 0.112088846515583 1.98079299112659 1.23960080370635 0.196883314329152 0.220440381180761 0.322596061938444 0.0795268154480839 0.565482675964262 0.371793282934688 0.393098067103223 0.442781130711814 0.0166833500166833 0.802399496178295
"ind" 0.495187319155398 0.536306734617095 0.385320852843488 0.456667964972014 0.4421613617064 0.539775342970261 0.418217514008753 0.417981162374862 0.390320812944038 0.425377818550529 0.375520363932878 0.369764355746808 0.443670672806919 0.545490775643048 0.445458000760167 0.450872394369715 0.353660867902887 0.297231472737214 0.468511658313358 0.492006444416904 0.514583148142661 0.472272181631644 0.380090235162699 0.395083207604446
"futu" 0.479159109506415 0.311249444197421 0.252824559585025 0.226255235161026 0.0895198972612768 0.0799880305680876 0.219845392449589 0.263088960513878 0.264860551640597 0.293805224276954 0.377129736921162 0.273780228558177 0.293721217567112 0.159412829411667 0.228050171037628 0.171106698140307 0.45760848786083 0.549232069188329 0.191762911309654 0.302391870120213 0.169881576738076 0.217652263126633 0.115695405550478 0.116440807745806
"cond" 0.209210315418294 0.153230495604884 0.200096442880127 0.183586211121955 0.261029980799237 0.131203388269957 0.199394658268232 0.126419370636539 0.261976407702587 0.276423156776592 0.371228702630788 0.469613615573908 0.271818488150062 0.234967868351572 0.143671607753706 0.149250003122385 0.19594723762187 0.151100949351359 0.237524515144912 0.236708390135085 0.218278072436714 0.176530938604616 0.34636085360723 0.222913919886912
"int" 0.350089842333032 0.254472073058111 0.105906901073941 0.0840251550307873 0.0903565318151205 0.0287726728662186 0.1145241114156 0.0933908864161817 0.0990222752050146 0.171406498961904 0.0987082099480709 0.0843887292732262 0.130854768055712 0.0564587104166321 0.150513112884835 0.149874480122897 0.0525712100936723 0.375764202992196 0.192852473305731 0.215640104102119 0.0829654211976651 0.0984419587042214 0.154502328415372 0.178512366738706
"subi" 0.0717051484296573 0.0690905359647023 0.10275222742493 0.110283015977908 0.0828268208305271 0.0782616701961145 0.112479037997464 0.064918055191736 0.104790563081035 0.232967988025687 0.202244538860993 0.28601981524666 0.112321689318207 0.129522923896979 0.136830102622577 0.148625526121873 0.106337220416746 0.0924499229583975 0.18413597733711 0.0929483207336721 0.305194227977125 0.110902966135135 0.103364233799016 0.10330157263052
"subp" 0.11135387756135 0.107398159865923 0.0860775238515861 0.0818369999518606 0.107089222891995 0.0166881502624068 0.099186060779582 0.126419370636539 0.0894084620783141 0.142194968857129 0.131432127376507 0.101781826146334 0.129169942715938 0.102123843841849 0.0699353857848727 0.0661945620542795 0.216258841521698 0.0899647099756449 0.0610154717803443 0.0743586565869377 0.0632117494839353 0.0598128356683877 0.103364233799016 0.161748515039893
"abr" 0.0194025695750837 0.00273625885008722 0.0171253712374883 0.0201310267261261 0.043086679522951 0.0172636037197311 0.00511268354533928 0.00341673974693348 0.0144207196900507 0.0340398821882092 0.0128749839062701 0.0122395866884832 0.0292036392227339 0.014114677604158 0.0425693652603573 0.0274769880225311 0.0477920091760658 0.0342959391619862 0.0228808019176291 0.0210682860329657 0.0098768358568649 0.0481825620662012 0.0101550826188507 0.0181230829176351
"impe" 0.0042179499076269 0.00205219413756541 0.00225333832072215 0.00240697058681943 0.00209158638460927 0 0.00715775696347499 0.00341673974693348 0.00336483459434516 0.00168992322920187 0.00214583065104502 0 0.00168482533977311 0.00166055030637153 0.00152033447358419 0.00124895400102414 0.00358440068820493 0.000994085193101049 0 0.00247862188623126 0.00395073434274596 0.00124610074309141 0 0.000906154145881756
"sym" 0 0 0 0 0 0 0 0 0 0 0.00160937298828376 0 0 0 0 0 0 0 0 0 0 0 0 0
